Random Player
3 3 5 4 1 3 2 3 1 6 6 6 1 4 3 3 6 4 2 5 6 2 4 3 2 6 3 2 6 2 
2
21 32 43 34 23 12 
21 32 34 34 23 12 
21 32 35 34 23 12 
21 32 35 34 12 12 
21 32 35 35 12 12 
31 32 35 35 12 12 
31 32 45 35 12 12 
31 43 45 35 12 12 
31 43 34 35 12 12 
40 43 34 35 12 12 
40 43 34 35 12 1 
40 43 34 35 12 11 
40 43 34 35 12 2 
31 43 34 35 12 2 
31 43 34 26 12 2 
31 43 23 26 12 2 
31 43 33 26 12 2 
31 43 33 26 12 3 
31 43 33 15 12 3 
31 54 33 15 12 3 
31 54 33 15 13 3 
31 54 33 15 13 4 
31 43 33 15 13 4 
31 43 33 5 13 4 
31 43 32 5 13 4 
31 42 32 5 13 4 
31 42 32 5 13 13 
31 42 33 5 13 13 
31 31 33 5 13 13 
31 31 33 5 13 3 
31 21 33 5 13 3 
